0	9229752 andrew 0.47712125471966244 1 1 14.796904960842223
0	9229752 author 0.0 3 1 14.796904960842223
0	9229752 collection 0.47712125471966244 1 1 14.796904960842223
0	9229752 corpus 0.47712125471966244 1 1 14.796904960842223
0	9229752 deorio 0.47712125471966244 1 1 14.796904960842223
0	9229752 document 0.47712125471966244 1 2 14.796904960842223
0	9229752 frequency 0.47712125471966244 1 1 14.796904960842223
0	9229752 frequencyinverse 0.47712125471966244 1 1 14.796904960842223
0	9229752 importance 0.47712125471966244 1 1 14.796904960842223
0	9229752 information 0.47712125471966244 1 1 14.796904960842223
0	9229752 measure 0.47712125471966244 1 1 14.796904960842223
0	9229752 retrieval 0.47712125471966244 1 1 14.796904960842223
0	9229752 short 0.47712125471966244 1 1 14.796904960842223
0	9229752 term 0.0 3 1 14.796904960842223
0	9229752 tfidf 0.47712125471966244 1 7 14.796904960842223
0	9229752 word 0.47712125471966244 1 1 14.796904960842223
1	739261 author 0.0 3 1 7.284630134568481
1	739261 cofounder 0.47712125471966244 1 1 7.284630134568481
1	739261 engine 0.47712125471966244 1 1 7.284630134568481
1	739261 google 0.47712125471966244 1 1 7.284630134568481
1	739261 larry 0.47712125471966244 1 1 7.284630134568481
1	739261 melina 0.47712125471966244 1 1 7.284630134568481
1	739261 named 0.47712125471966244 1 1 7.284630134568481
1	739261 odell 0.47712125471966244 1 1 7.284630134568481
1	739261 page 0.47712125471966244 1 2 7.284630134568481
1	739261 pagerank 0.47712125471966244 1 3 7.284630134568481
1	739261 pages 0.47712125471966244 1 1 7.284630134568481
1	739261 pr 0.47712125471966244 1 1 7.284630134568481
1	739261 rank 0.47712125471966244 1 1 7.284630134568481
1	739261 results 0.47712125471966244 1 1 7.284630134568481
1	739261 search 0.47712125471966244 1 2 7.284630134568481
1	739261 term 0.0 3 1 7.284630134568481
1	739261 web 0.47712125471966244 1 2 7.284630134568481
2	4436465 author 0.0 3 1 13.886326194021166
2	4436465 baveja 0.47712125471966244 1 1 13.886326194021166
2	4436465 documents 0.47712125471966244 1 1 13.886326194021166
2	4436465 general 0.47712125471966244 1 1 13.886326194021166
2	4436465 identifiers 0.47712125471966244 1 1 13.886326194021166
2	4436465 index 0.47712125471966244 1 1 13.886326194021166
2	4436465 maya 0.47712125471966244 1 1 13.886326194021166
2	4436465 model 0.47712125471966244 1 5 13.886326194021166
2	4436465 objects 0.47712125471966244 1 1 13.886326194021166
2	4436465 representing 0.47712125471966244 1 1 13.886326194021166
2	4436465 space 0.47712125471966244 1 3 13.886326194021166
2	4436465 term 0.0 3 1 13.886326194021166
2	4436465 terms 0.47712125471966244 1 1 13.886326194021166
2	4436465 text 0.47712125471966244 1 1 13.886326194021166
2	4436465 vector 0.47712125471966244 1 4 13.886326194021166
2	4436465 vectors 0.47712125471966244 1 1 13.886326194021166
