andrew 0.47712125471966244 9229752 1 9.09038080000014
author 0.47712125471966244 4436465 1 7.188556532231986
author 0.47712125471966244 739261 1 3.756856516521017
author 0.47712125471966244 9229752 1 9.09038080000014
baveja 0.47712125471966244 4436465 1 7.188556532231986
cofounder 0.47712125471966244 739261 1 3.756856516521017
collection 0.47712125471966244 9229752 1 9.09038080000014
corpus 0.47712125471966244 9229752 1 9.09038080000014
deorio 0.47712125471966244 9229752 1 9.09038080000014
document 0.47712125471966244 9229752 2 9.09038080000014
document 0.47712125471966244 9229752 2 9.09038080000014
documents 0.47712125471966244 4436465 1 7.188556532231986
engine 0.47712125471966244 739261 1 3.756856516521017
frequency 0.47712125471966244 9229752 1 9.09038080000014
frequencyinverse 0.47712125471966244 9229752 1 9.09038080000014
general 0.47712125471966244 4436465 1 7.188556532231986
google 0.47712125471966244 739261 1 3.756856516521017
identifiers 0.47712125471966244 4436465 1 7.188556532231986
importance 0.47712125471966244 9229752 1 9.09038080000014
index 0.47712125471966244 4436465 1 7.188556532231986
information 0.47712125471966244 9229752 1 9.09038080000014
larry 0.47712125471966244 739261 1 3.756856516521017
maya 0.47712125471966244 4436465 1 7.188556532231986
measure 0.47712125471966244 9229752 1 9.09038080000014
melina 0.47712125471966244 739261 1 3.756856516521017
model 0.47712125471966244 4436465 5 7.188556532231986
model 0.47712125471966244 4436465 5 7.188556532231986
model 0.47712125471966244 4436465 5 7.188556532231986
model 0.47712125471966244 4436465 5 7.188556532231986
model 0.47712125471966244 4436465 5 7.188556532231986
named 0.47712125471966244 739261 1 3.756856516521017
objects 0.47712125471966244 4436465 1 7.188556532231986
odell 0.47712125471966244 739261 1 3.756856516521017
page 0.47712125471966244 739261 2 3.756856516521017
page 0.47712125471966244 739261 2 3.756856516521017
pagerank 0.47712125471966244 739261 3 3.756856516521017
pagerank 0.47712125471966244 739261 3 3.756856516521017
pagerank 0.47712125471966244 739261 3 3.756856516521017
pages 0.47712125471966244 739261 1 3.756856516521017
pr 0.47712125471966244 739261 1 3.756856516521017
rank 0.47712125471966244 739261 1 3.756856516521017
representing 0.47712125471966244 4436465 1 7.188556532231986
results 0.47712125471966244 739261 1 3.756856516521017
retrieval 0.47712125471966244 9229752 1 9.09038080000014
search 0.47712125471966244 739261 2 3.756856516521017
search 0.47712125471966244 739261 2 3.756856516521017
short 0.47712125471966244 9229752 1 9.09038080000014
space 0.47712125471966244 4436465 3 7.188556532231986
space 0.47712125471966244 4436465 3 7.188556532231986
space 0.47712125471966244 4436465 3 7.188556532231986
term 0.47712125471966244 4436465 1 7.188556532231986
term 0.47712125471966244 739261 1 3.756856516521017
term 0.47712125471966244 9229752 1 9.09038080000014
terms 0.47712125471966244 4436465 1 7.188556532231986
text 0.47712125471966244 4436465 1 7.188556532231986
tfidf 0.47712125471966244 9229752 7 9.09038080000014
tfidf 0.47712125471966244 9229752 7 9.09038080000014
tfidf 0.47712125471966244 9229752 7 9.09038080000014
tfidf 0.47712125471966244 9229752 7 9.09038080000014
tfidf 0.47712125471966244 9229752 7 9.09038080000014
tfidf 0.47712125471966244 9229752 7 9.09038080000014
tfidf 0.47712125471966244 9229752 7 9.09038080000014
vector 0.47712125471966244 4436465 4 7.188556532231986
vector 0.47712125471966244 4436465 4 7.188556532231986
vector 0.47712125471966244 4436465 4 7.188556532231986
vector 0.47712125471966244 4436465 4 7.188556532231986
vectors 0.47712125471966244 4436465 1 7.188556532231986
web 0.47712125471966244 739261 2 3.756856516521017
web 0.47712125471966244 739261 2 3.756856516521017
word 0.47712125471966244 9229752 1 9.09038080000014
